precision : 0.9603673272112131
recall : 0.8375484741190355
f0.5 : 0.9330040193831937
accuracy : 0.9565104118205333
