precision : 0.9554531490015361
recall : 0.8656924147529576
f0.5 : 0.9360421369450715
accuracy : 0.9524260803639121
