precision : 0.9504573170731707
recall : 0.8689895470383275
f0.5 : 0.9329642376178364
accuracy : 0.9505666275889019
