precision : 0.877124590675191
recall : 0.7636437686668477
f0.5 : 0.8518081046701799
accuracy : 0.95068733547821
