precision : 0.8820520535579961
recall : 0.7966032608695652
f0.5 : 0.8635265700483091
accuracy : 0.9575525243314662
