precision : 0.9440570129349052
recall : 0.7159043162027847
f0.5 : 0.8874898967220477
accuracy : 0.9558621770233018
