precision : 0.8806715063520871
recall : 0.7911684782608696
f0.5 : 0.8611867013724561
accuracy : 0.9567151124923238
