precision : 0.9118028534370947
recall : 0.7518716577540107
f0.5 : 0.8745956705648171
accuracy : 0.9413833528722158
