precision : 0.9453032104637337
recall : 0.7918326693227091
f0.5 : 0.9100274725274726
accuracy : 0.9516679302501896
