precision : 0.9063291139240506
recall : 0.7657754010695187
f0.5 : 0.8742368742368741
accuracy : 0.9427510746385307
