precision : 0.9292343387470998
recall : 0.797808764940239
f0.5 : 0.8995956873315364
accuracy : 0.9499620924943138
