precision : 0.8051219512195122
recall : 0.6217743454511208
f0.5 : 0.7602837532820489
accuracy : 0.8865491876161992
