precision : 0.8379379094275136
recall : 0.6194988418614445
f0.5 : 0.7827382536050657
accuracy : 0.895826025955805
