precision : 0.8909853249475891
recall : 0.7956092579986386
f0.5 : 0.8701235854675402
accuracy : 0.9634786907532906
