precision : 0.9436513899323816
recall : 0.8752613240418119
f0.5 : 0.9291315283325937
accuracy : 0.9503712387651426
