precision : 0.9492158327109783
recall : 0.8844815588030619
f0.5 : 0.935521860738996
accuracy : 0.9556482183472328
