precision : 0.8255845942228336
recall : 0.6319225100021058
f0.5 : 0.7779045051583803
accuracy : 0.8955629603647843
