precision : 0.9160569105691057
recall : 0.7670183798502382
f0.5 : 0.8817890123650023
accuracy : 0.9632933033967084
