precision : 0.7995294117647059
recall : 0.6400452062535318
f0.5 : 0.7615760455421579
accuracy : 0.888327540215019
