precision : 0.8909141121237227
recall : 0.5622168002788428
f0.5 : 0.7976461279794282
accuracy : 0.882507477164336
