precision : 0.9758648431214803
recall : 0.8441196938065414
f0.5 : 0.9463254797940395
accuracy : 0.9518574677786201
