precision : 0.9637044395201345
recall : 0.8550472243761679
f0.5 : 0.939818493268714
accuracy : 0.9607249478167584
