precision : 0.9044535691724573
recall : 0.778125
f0.5 : 0.8760095447870777
accuracy : 0.9583527178666468
