precision : 0.900815660685155
recall : 0.7496606027694814
f0.5 : 0.8658972589851346
accuracy : 0.9521887491469241
