precision : 0.8886318062625328
recall : 0.7827445652173913
f0.5 : 0.8652228763666947
accuracy : 0.9568081582522284
