precision : 0.9382228184026393
recall : 0.7499094452252278
f0.5 : 0.8933558406948287
accuracy : 0.9595187849172269
