precision : 0.9487250299180705
recall : 0.8688248187489462
f0.5 : 0.9315905557363415
accuracy : 0.9606788618642649
