precision : 0.9612653385850629
recall : 0.8365709859630763
f0.5 : 0.933438759889486
accuracy : 0.9560875330956412
