precision : 0.9524366471734893
recall : 0.8427770590771885
f0.5 : 0.9282796618219817
accuracy : 0.954938091059764
