precision : 0.9501789154968345
recall : 0.8730399595346484
f0.5 : 0.9336795412744782
accuracy : 0.9618698475910453
