precision : 0.9516322944603718
recall : 0.8674759736975215
f0.5 : 0.9335196138912073
accuracy : 0.9610138265999218
