precision : 0.9598776486075753
recall : 0.8788992045379008
f0.5 : 0.9425097920688281
accuracy : 0.9651212095988405
