precision : 0.9576148728815516
recall : 0.8546084534663827
f0.5 : 0.9350738806999576
accuracy : 0.9591885430576014
