precision : 0.8721751412429378
recall : 0.6456953642384106
f0.5 : 0.8150021997360317
accuracy : 0.8958855387600032
