precision : 0.9742790335151987
recall : 0.8698677800974252
f0.5 : 0.95143857512559
accuracy : 0.9583017437452616
