precision : 0.8856604788808179
recall : 0.6383556331200311
f0.5 : 0.8219725343320848
accuracy : 0.8995966327604349
