precision : 0.8532863849765259
recall : 0.6334959916347159
f0.5 : 0.7979190446922468
accuracy : 0.8897421388731711
