precision : 0.9428398913152863
recall : 0.8936474628004578
f0.5 : 0.9325728619206879
accuracy : 0.9653325643191134
