precision : 0.9091362126245848
recall : 0.7430084170513168
f0.5 : 0.8702219678178464
accuracy : 0.9524227356926976
