precision : 0.9188703885079987
recall : 0.7648097826086957
f0.5 : 0.8832852121516447
accuracy : 0.9585388093864563
