precision : 0.9071055546763729
recall : 0.778804347826087
f0.5 : 0.8781713445275158
accuracy : 0.9587807283622085
