precision : 0.9333721091742482
recall : 0.7788942175343021
f0.5 : 0.8977615454754965
accuracy : 0.9625956627969036
