precision : 0.9694069241528582
recall : 0.8415545855398728
f0.5 : 0.9408202879221903
accuracy : 0.9591182619850857
