precision : 0.9323427717035792
recall : 0.8604570935748167
f0.5 : 0.9170205334656888
accuracy : 0.9543336258165156
