precision : 0.9424088518048249
recall : 0.87599055808464
f0.5 : 0.9283314869742343
accuracy : 0.9608091259281315
