precision : 0.9332740213523132
recall : 0.8843365368403304
f0.5 : 0.9230579705043819
accuracy : 0.9605113794964364
