precision : 0.9463869463869464
recall : 0.8087649402390438
f0.5 : 0.915238954012624
accuracy : 0.9548900682335102
