precision : 0.913154533844189
recall : 0.7647058823529411
f0.5 : 0.8790263093189083
accuracy : 0.943728018757327
