precision : 0.9708255399381208
recall : 0.8203482188634794
f0.5 : 0.9364700077876723
accuracy : 0.9547062614253587
