precision : 0.9546338965693805
recall : 0.8891644410530332
f0.5 : 0.9407799128047795
accuracy : 0.9669392547428265
