precision : 0.8651484135107472
recall : 0.6556137289121582
f0.5 : 0.8131704266679494
accuracy : 0.8990266573132234
