precision : 0.8394110985277463
recall : 0.645869640989892
f0.5 : 0.7919480297461321
accuracy : 0.8892167165144289
