precision : 0.8853161843515541
recall : 0.6406825673841381
f0.5 : 0.8225043564849391
accuracy : 0.899991231146966
