precision : 0.8427044609665427
recall : 0.6321017776228651
f0.5 : 0.7900583776248149
accuracy : 0.8873171126020531
