precision : 0.9394329896907216
recall : 0.9039488744753911
f0.5 : 0.9321150365882445
accuracy : 0.966671473005541
