precision : 0.9397307310020783
recall : 0.8767492834260664
f0.5 : 0.9264208088366293
accuracy : 0.9603811154325698
