precision : 0.9633775169282323
recall : 0.8612527974119785
f0.5 : 0.941059916268881
accuracy : 0.9621050466868724
