precision : 0.9359363831308077
recall : 0.8830719946046198
f0.5 : 0.9248631467420095
accuracy : 0.9608463442320934
