precision : 0.9327825760420578
recall : 0.8569210866752911
f0.5 : 0.9165544342564065
accuracy : 0.9536901628156381
