precision : 0.9597834493426141
recall : 0.864808362369338
f0.5 : 0.9391554411987287
accuracy : 0.9519343493552169
