precision : 0.9615384615384616
recall : 0.8698677800974252
f0.5 : 0.9416905228265782
accuracy : 0.9550796057619408
