precision : 0.9638195800486969
recall : 0.8470345464637862
f0.5 : 0.9379554269294618
accuracy : 0.9590387386591867
