precision : 0.8057678087256593
recall : 0.6157468449802223
f0.5 : 0.7589264985838325
accuracy : 0.8857004284213079
