precision : 0.8400347121781891
recall : 0.6114971572962729
f0.5 : 0.7816116703450503
accuracy : 0.8948614521220625
