precision : 0.8743475018642803
recall : 0.7981620149761742
f0.5 : 0.8579686813990924
accuracy : 0.9616866129729953
