precision : 0.9520652544961282
recall : 0.8732968848494337
f0.5 : 0.9351949815620586
accuracy : 0.9619830311707024
